201
116
80
49
133
238
17
170
120
99
227
102
120
30
145
178
252
241
78
163
203
206
135
18
60
119
104
76
43
134
133
92
249
115
64
124
71
235
6
88
161
70
154
135
233
101
39
67
140
21
0
211
130
129
185
90
184
231
6
73
199
37
8
41
255
226
196
84
89
110
144
133
84
33
72
55
26
214
10
184
36
104
29
112
240
255
149
28
126
185
27
221
19
136
174
89
199
195
65
203
239
15
72
10
143
14
72
199
75
253
23
206
119
164
145
92
224
84
12
240
208
198
164
61
199
169
202
171
130
197
225
205
122
213
177
192
9
43
206
31
240
250
101
240
141
156
31
112
121
153
60
107
209
225
49
74
239
94
97
64
211
60
129
221
231
201
183
84
190
93
172
231
183
43
102
51
62
252
77
106
228
172
13
149
78
218
161
109
121
195
159
90
7
213
232
227
196
250
179
91
11
36
209
137
107
30
66
35
128
209
187
177
249
121
166
42
33
73
47
220
12
222
166
170
52
67
11
33
138
107
13
114
206
69
119
53
78
82
0
19
149
192
104
222
85
33
48
235
220
111
251
40
3
50
52
76
124
152
249
179
42
225
58
0
226
111
41
177
151
5
122
193
24
100
106
30
59
70
181
160
96
39
167
231
33
53
147
146
220
230
214
191
214
9
52
155
220
95
71
228
125
109
39
152
97
144
77
128
141
243
138
32
114
221
82
103
194
164
233
217
74
216
200
42
32
204
210
88
113
197
161
2
77
42
67
26
136
32
77
152
99
97
36
187
151
175
253
152
163
82
254
114
196
33
214
86
188
188
26
133
41
40
76
126
42
226
254
103
201
213
182
35
177
133
77
234
138
151
52
154
66
60
47
16
152
147
145
154
41
187
211
167
99
126
15
26
119
231
192
25
13
114
45
187
204
96
151
66
230
143
209
8
194
214
214
166
140
71
242
155
242
10
199
132
15
242
132
231
21
75
118
251
226
1
75
130
99
162
161
86
255
8
230
77
104
29
50
11
225
206
190
214
155
95
113
140
75
8
209
112
2
182
156
42
231
32
52
136
236
127
119
110
100
251
172
74
32
198
119
66
233
191
147
164
209
102
99
131
207
168
203
142
3
106
168
178
90
111
44
170
113
156
214
164
155
40
197
255
70
188
75
177
121
107
159
123
122
252
111
155
254
195
54
151
158
128
52
3
184
45
93
47
7
239
66
42
204
244
113
21
134
35
28
86
144
234
254
203
47
20
16
31
62
92
190
221
133
48
115
116
231
14
206
37
15
157
235
27
5
229
119
243
22
255
190
117
220
125
98
254
130
207
154
151
94
62
161
114
39
206
247
72
203
143
12
246
6
17
93
113
126
74
233
227
90
3
51
61
0
71
36
234
92
175
203
99
235
154
200
51
85
90
220
40
131
71
250
66
251
160
102
158
132
238
38
78
237
152
219
15
