34
78
77
46
94
70
196
1
147
218
68
213
235
162
105
155
160
33
204
201
109
139
255
6
111
12
141
188
172
242
182
100
153
28
200
96
141
151
22
28
165
103
147
78
57
161
125
31
170
206
41
205
91
3
224
118
170
14
122
109
15
140
182
228
172
26
61
49
13
83
120
185
189
128
58
126
136
12
216
22
207
155
212
184
40
8
27
177
208
168
94
255
95
96
117
255
107
41
44
215
129
245
9
140
79
93
190
130
106
61
21
26
232
230
141
235
248
6
70
110
31
89
69
243
208
136
175
214
50
56
79
84
24
172
203
91
240
79
69
191
226
53
103
58
98
77
151
223
213
56
210
65
54
56
218
233
249
177
88
91
214
181
215
98
42
196
97
74
65
16
203
172
143
133
114
115
27
161
38
18
238
167
27
240
67
88
140
217
3
27
136
26
50
245
174
67
161
30
177
100
72
22
164
24
41
108
221
215
201
38
64
49
90
124
181
52
136
47
248
200
59
194
105
117
237
0
9
23
135
202
149
242
4
42
214
177
99
162
40
225
62
106
7
110
29
26
36
73
181
193
232
254
93
201
124
203
185
51
122
193
17
80
127
193
57
180
198
130
95
241
185
234
248
145
223
198
77
46
8
185
204
167
224
30
117
76
29
169
111
167
112
212
150
120
164
26
124
57
219
97
91
251
43
245
67
213
119
93
232
254
74
223
219
79
53
120
206
77
68
160
