47
150
198
134
213
21
112
109
110
245
179
118
251
26
99
254
30
92
196
139
58
1
116
84
239
29
9
58
169
15
107
206
18
129
66
198
138
60
116
138
183
92
209
253
80
25
104
243
106
157
207
99
250
37
112
109
121
189
6
181
57
104
45
7
96
170
28
150
33
104
80
153
240
65
210
28
254
166
186
106
224
236
16
196
189
53
119
238
132
149
202
1
189
103
40
196
55
104
74
43
63
65
71
161
186
20
234
163
196
188
220
55
149
58
44
199
223
103
42
197
33
14
93
102
181
243
245
62
223
45
192
39
222
189
84
60
181
244
170
145
4
255
108
21
151
113
19
50
178
31
49
184
184
233
24
43
155
50
34
213
176
42
217
129
143
30
63
154
231
243
41
36
27
74
42
25
17
51
130
69
105
239
19
248
98
86
229
36
143
111
198
118
151
112
123
16
81
8
64
49
37
41
129
58
187
203
254
190
131
124
158
209
242
226
104
87
114
44
170
122
22
126
219
43
177
219
239
225
32
199
214
213
114
215
125
160
179
65
134
122
88
248
132
162
33
209
133
221
74
124
186
90
23
25
87
192
44
74
17
44
176
73
57
241
229
26
177
6
22
146
254
72
58
83
128
136
246
212
168
180
73
176
69
172
42
35
77
247
247
60
107
246
84
118
11
217
239
186
20
231
194
191
72
176
149
126
203
98
43
217
38
231
166
201
244
37
14
183
139
229
