23
189
110
168
61
231
149
45
15
46
98
187
108
181
44
215
94
143
66
232
242
110
17
189
206
230
175
110
136
76
1
169
124
78
69
78
31
60
170
183
178
121
90
167
19
29
10
0
32
17
19
234
172
146
231
190
105
15
92
43
18
228
54
96
192
96
59
184
187
138
204
240
186
126
67
140
135
93
255
9
175
129
88
162
222
146
212
229
64
54
110
140
152
217
170
139
83
247
107
91
27
221
40
115
249
218
140
6
88
138
12
211
229
32
65
164
146
43
32
159
177
173
9
57
145
39
171
210
40
102
39
246
149
203
250
93
11
9
233
162
162
152
242
159
166
50
213
105
173
120
8
174
179
65
255
185
33
217
10
245
9
181
50
200
48
251
152
85
116
113
97
254
91
42
15
13
168
162
110
188
143
169
255
219
210
55
174
37
90
41
63
130
140
49
10
86
72
107
31
9
52
72
114
183
116
90
208
13
41
98
239
127
147
201
228
193
242
30
187
115
22
7
164
89
41
190
200
196
198
60
92
11
46
136
155
40
51
81
126
48
133
211
8
52
205
217
88
142
254
28
181
179
168
14
72
175
36
33
60
232
65
167
14
171
140
167
142
157
84
115
8
180
89
52
50
168
152
5
126
79
86
90
14
28
203
228
7
246
97
159
119
226
90
233
80
198
63
204
134
17
30
193
136
7
133
213
75
14
151
227
152
154
117
241
15
231
172
51
31
105
240
223
176
142
146
199
58
73
227
169
20
21
147
188
137
134
160
20
201
113
106
223
8
65
154
127
36
36
105
149
233
178
90
55
252
101
219
72
34
106
72
141
148
189
220
133
114
255
145
241
169
15
90
1
39
159
111
130
31
105
76
45
51
165
3
201
196
10
82
24
166
15
242
157
135
249
75
31
252
245
101
118
67
61
18
19
190
195
14
60
51
241
4
173
128
166
15
145
46
45
125
48
134
91
243
68
0
108
152
255
38
174
109
181
12
222
136
19
49
156
201
51
67
205
232
11
183
60
107
151
131
152
32
248
131
32
238
115
26
32
139
244
29
112
52
9
50
131
67
159
179
8
211
245
10
36
13
208
64
46
225
108
248
174
120
140
19
222
165
158
75
218
218
183
17
80
43
254
15
103
69
252
153
9
55
118
196
194
1
152
198
96
119
28
240
44
113
27
25
29
183
165
13
72
9
26
230
177
30
74
168
245
22
248
53
10
60
108
67
226
12
171
168
217
71
154
3
70
110
10
247
99
42
215
93
9
93
12
109
137
82
224
69
212
159
203
173
223
121
225
66
21
43
241
79
167
122
228
200
25
138
106
138
162
34
124
230
11
103
214
77
122
103
217
130
93
31
62
131
13
113
85
31
73
28
70
66
48
17
176
182
111
173
31
92
82
233
229
226
56
119
14
112
51
75
78
113
78
107
202
255
37
135
167
81
246
164
217
55
94
